1 10
1 11
100 12
10*p2>n*(p1-p2)
10-n)*p2>n*p1
1 1 10  9=n(p1-p0£©-10*p0
15 2  	
10 3


38*3+11=125
39*3=117


1 1
19 2
10 3

120
39*3+11=128

5 1
15 2
10 3

120
35*3+15=130

7 1  3
15 2 5    50 
10 3      60+45=105+17=122  
10 4     45*4+17=
32*2+60=124

1
4
7 1
15 2
10 3
10 4

ax+by+c=0;
dx+ey+f=0
y=bd-ea/af-cd
x=



1, 2, 3, 4, 5, 6, 8, 9, 10, 12£¬15£¬16£¬18£¬20£¬24=4*6£¨3*8£©
0 1   2  3  4  5  6  7  8   9   10  11  12  13  14
					5/7 8    6	

10
-27 -13 -18 0 -1 4 13 12 6 19
0

13465
13546
13564
13645
13654
14356
14365
14536
14563
14635
14653
15346
65431